qwd.ElapsedDays           qwd.X                     qwd.Y                     qwd.Z                     qwd.VX                    qwd.VY                    qwd.VZ                    
0                         -145107.0674580222        -298977.2339118483        -142005.9383226019        0.9769941385382576        6.431088374237079         2.890110183814839         
qwd.ElapsedDays           qwd.X                     qwd.Y                     qwd.Z                     qwd.VX                    qwd.VY                    qwd.VZ                    
0                         -145107.0674580222        -298977.2339118483        -142005.9383226019        0.9769941385382576        6.431088374237079         2.890110183814839         
0.0001157407423306722     -145097.2974553582        -298912.9229018543        -141977.0371607975        0.9770063952762809        6.431113626038183         2.890122177805438         
0.00216066145003424       -144924.659650812         -297776.626853658         -141466.3882891502        0.9772239660749452        6.4315612539938           2.890334813258211         
0.005632883669022704      -144631.4365188484        -295847.0437045324        -140599.2333129103        0.9775978566409286        6.432327768222732         2.890699029941372         
0.009105105891649146      -144338.1003650876        -293917.2293696144        -139731.9684670177        0.9779774647104852        6.433102513632456         2.891067288345032         
0.01257732811427559       -144044.6494561295        -291987.1813605073        -138864.5925292284        0.9783629118148386        6.433885617581133         2.891439653541779         
0.01604955033690203       -143751.0820216272        -290056.8971502363        -137997.104257577         0.9787543227475829        6.434677209908227         2.891816191940618         
0.01952177255952847       -143457.3962532936        -288126.3741724956        -137129.5023899707        0.9791518256694241        6.435477422989752         2.892196971319202         
0.02299399478215491       -143163.5903038749        -286195.609820879         -136261.7856437743        0.9795555522167946        6.436286391794757         2.892582060856882         
0.02646621700478136       -142869.6622860908        -284264.6014480935        -135393.9527153841        0.9799656376145084        6.437104253943089         2.892971531168638         
0.0299384392274078        -142575.6102715409        -282333.3463651551        -134526.0022797922        0.9803822207926215        6.437931149764441         2.893365454339887         
0.03341066145003424       -142281.4322895748        -280401.8418405669        -133657.9329901402        0.980805444507672         6.438767222358689         2.8937639039622           
0.0368828836690227        -141987.1263261254        -278470.085099479         -132789.7434772617        0.9812354554684869        6.439612617657567         2.894166955169948         
0.04035510589164915       -141692.690322504         -276538.073322829         -131921.4323492136        0.9816724044667456        6.440467484487674         2.894574684677898         
0.04382732811427559       -141398.1221741551        -274605.8036464648        -131052.998190797         0.9821164465125027        6.441331974634826         2.894987170819777         
0.04729955033690203       -141103.4197293699        -272673.2731602458        -130184.4395630648        0.9825677409748778        6.442206242909786         2.89540449358784          
0.05077177255952847       -140808.5807879566        -270740.4789071264        -129315.7550028184        0.983026451728135         6.443090447215367         2.895826734673449         
0.05424399478215491       -140513.6030998668        -268807.417882218         -128446.9430220917        0.9834927473033813        6.443984748614931         2.896253977508693         
0.05771621700478136       -140218.4843637744        -266874.0870318298        -127578.0021076227        0.9839668010461228        6.444889311402287         2.896686307309069         
0.0611884392274078        -139923.2222256072        -264940.4832524895        -126708.9307203117        0.9844487912799335        6.445804303172993         2.897123811117256         
0.06466066145003424       -139627.814277028         -263006.6033899422        -125839.7272946665        0.9849389014764981        6.446729894897065         2.897566577847981         
0.0681328836690227        -139332.2580538638        -261072.4442381259        -124970.3902382339        0.9854373204323069        6.447666260993111         2.898014698334027         
0.07160510589164915       -139036.5510344812        -259138.0025381268        -124100.9179310174        0.9859442424522876        6.448613579403868         2.898468265373382         
0.07507732811427559       -138740.6906381052        -257203.2749771099        -123231.3087248803        0.9864598675406829        6.449572031673148         2.898927373777567         
0.07854955033690203       -138444.67422308          -255268.2581872272        -122361.560942934         0.9869844015994826        6.450541803024182         2.89939212042115          
0.08202177255952847       -138148.4990850689        -253332.9487445018        -121491.672878912         0.9875180566347482        6.45152308243935          2.899862604292476         
0.08549399478215491       -137852.1624551909        -251397.343167688         -120621.6427965277        0.9880610509711729        6.45251606274128          2.900338926545623         
0.08896621700478136       -137555.6614980921        -249461.4379171072        -119751.4689288167        0.9886136094752421        6.453520940675293         2.900821190553616         
0.0924384392274078        -137258.9933099484        -247525.2293934581        -118881.1494774632        0.9891759637873748        6.454537916993164         2.901309501962892         
0.09591066145003424       -136962.1549163975        -245588.7139366026        -118010.6826121093        0.989748352563442         6.455567196538176         2.901803968749065         
0.0993828836690227        -136665.1432703967        -243651.8878243247        -117140.066469648         0.990331021726083         6.456608988331404         2.902304701273971         
0.1028551058916492        -136367.9552500041        -241714.7472710648        -116269.2991534987        0.990924224726254         6.457663505659202         2.902811812344033         
0.1063273281142756        -136070.5876560791        -239777.2884266264        -115398.3787328645        0.9915282228154673        6.45873096616183          2.903325417269929         
0.109799550336902         -135773.0372099003        -237839.5073748569        -114527.3032419723        0.9921432853291996        6.459811591923145         2.903845633927609         
0.1132717725595285        -135475.3005506966        -235901.4001323003        -113656.0706792934        0.992769689981973         6.460905609561294         2.904372582820616         
0.1167439947821549        -135177.3742330871        -233962.9626468238        -112784.6790067461        0.9934077231746326        6.462013250320321         2.904906387143766         
0.1202162170047814        -134879.2547244282        -232024.1907962158        -111913.1261488784        0.9940576803143718        6.463134750162564         2.90544717284814          
0.1236884392274078        -134580.9384020614        -230085.0803867569        -111041.4099920314        0.9947198661480833        6.46427034986178          2.905995068707423         
0.1271606614500342        -134282.42155046          -228145.6271517618        -110169.5283834819        0.9953945951096365        6.465420295096819         2.90655020638554          
0.1306328836690227        -133983.7003582693        -226205.8267500943        -109297.4791305659        0.9960821916817171        6.466584836545737         2.907112720505621         
0.1341051058916492        -133684.7709152352        -224265.6747646531        -108425.2599997795        0.996782990772887         6.467764229980176         2.907682748720232         
0.1375773281142756        -133385.6292090183        -222325.1667008293        -107552.8687158596        0.9974973381105625        6.468958736359848         2.908260431782881         
0.141049550336902         -133086.2711218875        -220384.2979849364        -106680.302960843         0.9982255906506314        6.47016862192689          2.908845913620743         
0.1445217725595285        -132786.6924272869        -218443.0639626108        -105807.5603731032        0.9989681170044712        6.471394158299922         2.909439341408589         
0.1479939947821549        -132486.888786274         -216501.4598971855        -104934.6385463644        0.9997252978841638        6.472635622567493         2.910040865643844         
0.1514662170047814        -132186.8557438196        -214559.4809680346        -104061.5350286941        1.000497526566736         6.473893297380717         2.91065064022275          
0.1549384392274078        -131886.5887249663        -212617.1222688911        -103188.247321471         1.0012852093783           6.475167471044743         2.91126882251754          
0.1584106614500342        -131586.0830308387        -210674.3788061372        -102314.7728783314        1.002088766198996         6.476458437608736         2.911895573454568         
0.1618828836690227        -131285.3338344987        -208731.2454970675        -101441.1091040905        1.002908630989702         6.477766496954032         2.912531057593293         
0.1653551058916492        -130984.3361766394        -206787.7171681268        -100567.2533536407        1.003745252341494         6.479091954880002         2.91317544320602          
0.1688273281142756        -130683.0849611109        -204843.7885531217        -99693.20293082586        1.004599094048896         6.480435123187238         2.913828902358286         
0.172299550336902         -130381.5749502697        -202899.4542914087        -98818.95508729102        1.005470635708021         6.481796319757528         2.914491610989752         
0.1757717725595285        -130079.8007601456        -200954.7089260577        -97944.50702130805        1.006360373340715         6.483175868630094         2.915163748995449         
0.1792439947821549        -129777.7568554172        -199009.5469019945        -97069.85587657687        1.007268820045914         6.484574100073492         2.915845500307224         
0.1827162170047814        -129475.4375441868        -197063.9625641212        -96194.99874100211        1.00819650667942          6.485991350652516         2.916537052975166         
0.1861884392274078        -129172.8369725485        -195117.9501554185        -95319.93264544549        1.009143982563416         6.48742796328941          2.917238599248827         
0.1896606614500342        -128869.9491189374        -193171.5038150298        -94444.6545624538         1.010111816227035         6.488884287318569         2.917950335657981         
0.1931328836690227        -128566.7677882527        -191224.6175763304        -93569.16140496293        1.011100596179398         6.490360678533894         2.91867246309265          
0.1966051058916492        -128263.2866057433        -189277.2853649834        -92693.45002497778        1.012110931716577         6.491857499227854         2.9194051868821           
0.2000773281142756        -127959.4990106467        -187329.5009969856        -91817.51721222885        1.01314345376398          6.493375118221211         2.920148716872478         
0.203549550336902         -127655.3982495686        -185381.2581767057        -90941.35969280584        1.014198815755754         6.494913910882286         2.920903267502698         
0.2070217725595285        -127350.977369594         -183432.550494919         -90064.97412776851        1.015277694552818         6.496474259134544         2.921669057878191         
0.2104939947821549        -127046.2292111164        -181483.3714268404        -89188.35711173611        1.016380791401228         6.498056551451139         2.922446311842022         
0.2139662170047814        -126741.1464003731        -179533.7143301632        -88311.50517145582        1.017508832932632         6.499661182834942         2.9232352580429           
0.2174384392274078        -126435.7213416741        -177583.5724431045        -87434.41476435123        1.018662572208607         6.501288554782477         2.924036129999495         
0.2209106614500342        -126129.9462093108        -175632.938882465         -86557.08227705228        1.019842789810778         6.502939075229966         2.92484916616045          
0.2243828836690227        -125823.8129391305        -173681.8066417073        -85679.50402390792        1.021050294978622         6.504613158479623         2.925674609959386         
0.2278551058916492        -125517.3132197622        -171730.1685890603        -84801.67624548297        1.022285926796963         6.506311225104082         2.926512709864169         
0.2313273281142756        -125210.4384834782        -169778.017465655         -83923.59510704137        1.023550555435176         6.508033701826705         2.927363719419561         
0.234799550336902         -124903.1798966768        -167825.3458837011        -83045.25669701761        1.024845083440214         6.509781021375287         2.92822789728238          
0.2382717725595285        -124595.5283499672        -165872.1463247103        -82166.65702547884        1.026170447085565         6.511553622306492         2.929105507248118         
0.2417439947821549        -124287.4744478427        -163918.4111377791        -81287.79202258054        1.027527617778329         6.513351948798068         2.92999681826792          
0.2452162170047814        -123979.0084979217        -161964.1325379369        -80408.65753701858        1.028917603526618         6.515176450405665         2.930902104454702         
0.2486884392274078        -123670.1204997396        -160009.3026045748        -79529.24933448127        1.030341450469499         6.517027581780801         2.931821645077042         
0.2521606614500342        -123360.800133072         -158053.913279964         -78649.56309610533        1.031800244471735         6.518905802346204         2.932755724539405         
0.2556328836690227        -123051.0367457691        -156097.9563678791        -77769.59441693993        1.033295112785559         6.520811575924441         2.933704632347045         
0.2591051058916492        -122740.8193410821        -154141.4235323398        -76889.33880442381        1.034827225781725         6.522745370315394         2.934668663053839         
0.2625773281142756        -122430.1365644586        -152184.3062964886        -76008.79167688088        1.036397798752018         6.524707656817767         2.935648116191092         
0.266049550336902         -122118.976689787         -150226.59604162          -75127.94836204039        1.03800809378539          6.52669890968939          2.936643296175212         
0.2695217725595285        -121807.3276050665        -148268.2840063826        -74246.80409558794        1.039659421719806         6.528719605540648         2.937654512191905         
0.2729939947821549        -121495.1767974797        -146309.3612861724        -73365.35401975553        1.041353144171743         6.530770222654876         2.938682078054373         
0.2764662170047814        -121182.5113378449        -144349.8188327439        -72483.59318195793        1.043090675645239         6.532851240229108         2.939726312032728         
0.2799384392274078        -120869.3178644233        -142389.6474540597        -71601.51653348524        1.04487348572212          6.5349631375279           2.940787536651599         
0.2834106614500342        -120555.582566057         -140428.8378144093        -70719.11892826123        1.046703101334909         6.5371063929425           2.941866078452643         
0.2868828836690227        -120241.2911646119        -138467.380434825         -69836.39512167861        1.048581109123606         6.539281482946891         2.942962267718341         
0.2903551058916492        -119926.4288967019        -136505.2656938277        -68953.33976952353        1.050509157877246         6.541488880941626         2.944076438153186         
0.2938273281142756        -119610.9804946668        -134542.4838285369        -68069.94742700254        1.052488961060761         6.543729055975608         2.94520892651798          
0.297299550336902         -119294.9301667804        -132579.0249361854        -67186.21254788702        1.05452229942722          6.546002471335237         2.946360072212627         
0.3007717725595285        -118978.2615766609        -130614.8789760764        -66302.12948379094        1.056611023715009         6.548309582989496         2.94753021680237          
0.3042439947821549        -118660.9578218608        -128650.0357720319        -65417.69248360007        1.05875705742887          6.5506508378787           2.948719703482036         
0.3077162170047814        -118343.0014116094        -126684.4850153794        -64532.89569307184        1.060962399703049         6.553026672033675         2.949928876472342         
0.3111884392274078        -118024.3742436843        -124718.2162685288        -63647.73315462739        1.063229128243894         6.555437508511218         2.951158080341878         
0.3146606614500342        -117705.0575803889        -122751.2189691996        -62762.1988073589         1.065559402348343         6.557883755130614         2.952407659247821         
0.3181328836690227        -117385.032023614         -120783.482435358         -61876.28648727797        1.0679554659936           6.56036580199493          2.953677956087907         
0.3216051058916492        -117064.277488961         -118814.9958709327        -60989.98992783258        1.070419650991995         6.562884018779724         2.95496931155557          
0.3250773281142756        -116742.7731789118        -116845.7483723809        -60103.3027607233         1.072954380203603         6.565438751770548         2.956282063089569         
0.328549550336902         -116420.4975550259        -114875.7289361832        -59216.21851705136        1.075562170797491         6.568030320629546         2.957616543708743         
0.3320217725595285        -116097.4283091538        -112904.9264673519        -58328.73062883494        1.078245637550574         6.570659014870138         2.958973080721874         
0.3354939947821549        -115773.5423336564        -110933.3297890434        -57440.83243093258        1.081007496170898         6.573325090017524         2.960351994301882         
0.3389662170047814        -115448.8156906261        -108960.9276533725        -56552.51716341597        1.083850566629742         6.576028763431546         2.961753595912911         
0.3424384392274078        -115123.2235801087        -106987.7087535337        -55663.77797443834        1.086777776484151         6.578770209767138         2.96317818657802          
0.3459106614500342        -114796.740307333         -105013.6617373414        -54774.60792364799        1.089792164168449         6.581549556046386         2.964626054974483         
0.3493828836690227        -114469.3392489608        -103038.7752223112        -53884.99998620078        1.092896882229781         6.584366876315033         2.966097475342896         
0.3528551058916492        -114140.9928183774        -101063.0378124087        -52994.9470574298         1.09609520047886          6.587222185855217         2.967592705195499         
0.3563273281142756        -113811.6724300547        -99086.43811660601        -52104.4419582343         1.099390509022763         6.59011543492514          2.969111982808393         
0.359799550336902         -113481.3484630258        -97108.96476939015        -51213.47744125562        1.102786321141789         6.593046501995674         2.970655524481556         
0.3632717725595285        -113149.9902235267        -95130.6064533803         -50322.04619791189        1.106286275967061         6.596015186453142         2.972223521549905         
0.3667439947821549        -112817.5659068687        -93151.35192421782        -49430.14086636896        1.109894140909646         6.599021200737262         2.973816137128037         
0.3702162170047814        -112484.0425586283        -91171.19003790371        -48537.75404053008        1.113613813785464         6.60206416188313          2.975433502570748         
0.3736884392274078        -112149.3860352514        -89190.10978076667        -47644.87828013235        1.117449324573151         6.60514358243649          2.977075713631061         
0.3771606614500342        -111813.5609641949        -87208.1003022543         -46751.50612204345        1.121404836734232         6.608258860712451         2.978742826297264         
0.3806328836690227        -111476.5307037473        -85225.15095074875        -45857.6300928577         1.12548464801653          6.611409270369187         2.980434852290445         
0.3841051058916492        -111138.2573026965        -83241.25131261643        -44963.24272289608        1.129693190652573         6.614593949270413         2.982151754204275         
0.3875773281142756        -110798.7014600417        -81256.39125470832        -44068.3365617202         1.134035030854944         6.61781188761339          2.983893440269352         
0.391049550336902         -110457.8224849744        -79270.56097053501        -43172.90419527545        1.138514867500006         6.62106191530328          2.985659758725358         
0.3945217725595285        -110115.5782573923        -77283.75103034379        -42276.93826478312        1.143137529880297         6.6243426885598           2.987450491785728         
0.3979939947821549        -109771.9251892421        -75295.95243533021        -41380.43148750608        1.147907974394195         6.627652675748723         2.989265349181454         
0.4014662170047814        -109426.8181870333        -73307.15667621642        -40483.37667951583        1.152831280029238         6.630990142438781         2.991103961273286         
0.4049384392274078        -109080.2106159077        -71317.35579642751        -39585.76678059145        1.157912642482964         6.634353135694418         2.992965871724888         
0.4084106614500342        -108732.0542656967        -69326.54246009201        -38687.5948813831         1.163157366752427         6.637739467626599         2.994850529733752         
0.4118828836690227        -108382.2993194553        -67334.71002508415        -37788.85425297239        1.168570858010873         6.641146698238003         2.996757281821821         
0.4153551058916492        -108030.8943250136        -65341.85262131181        -36889.53837896052        1.17415861057775          6.644572117615371         2.998685363194067         
0.4188273281142756        -107677.7861701483        -63347.96523443631        -35989.64099021191        1.179926194776639         6.648012727541048         3.000633888680802         
0.422299550336902         -107322.9200620415        -61353.04379518407        -35089.15610237464        1.185879241465202         6.651465222617921         3.002601843288381         
0.4257717725595285        -106966.2395117568        -59357.08527437938        -34188.07805629008        1.192023424012507         6.654925971027257         3.004588072393398         
0.4292439947821549        -106607.6863245349        -57360.08778378661        -33286.40156139206        1.198364437492586         6.658390995067622         3.006591271627498         
0.4327162170047814        -106247.2005967766        -55362.05068280158        -32384.12174217959        1.204907974859697         6.661855951655102         3.008609976513698         
0.4361884392274078        -105884.7207206569        -53362.97469097213        -31481.23418782655        1.211659699871222         6.665316113000696         3.010642551930781         
0.4396606614500342        -105520.1833973774        -51362.86200625754        -30577.73500496642        1.218625216529493         6.668766347719711         3.012687181499745         
0.4431328836690227        -105153.5236601365        -49361.71642885374        -29673.62087365873        1.225810034825083         6.672201102670297         3.014741857005717         
0.4466051058916492        -104784.6749079565        -47359.54349031542        -28768.88910650722        1.233219532582475         6.675614385863447         3.016804367989901         
0.4500773281142756        -104413.5689515631        -45356.35058759628        -27863.53771085537        1.240858913235762         6.678999750834277         3.018872291668991         
0.453549550336902         -104040.1360725607        -43352.14712150437        -26957.56545393471        1.248733159398356         6.682350282913625         3.020942983363791         
0.4570217725595285        -103664.3050971794        -41346.94463893063        -26050.97193078254        1.256846982138114         6.68565858788859          3.023013567644163         
0.4604939947821549        -103286.003485888         -39340.75697805412        -25143.7576346799         1.26520476592884          6.688916783589556         3.025080930423367         
0.4639662170047814        -102905.1574401655        -37333.60041555988        -24235.9240297868         1.273810509322242         6.692116494987531         3.027141712260764         
0.4674384392274078        -102521.6920276979        -35325.49381472325        -23327.47362557019        1.282667761471852         6.695248853427441         3.02919230315683          
0.4709106614500342        -102135.5313272123        -33316.45877302165        -22418.41005253145        1.291779554743006         6.698304500657692         3.03122883914752          
0.4743828836690227        -101746.5985940725        -31306.5197677326         -21508.73813864503        1.301148333760849         6.701273598341285         3.033247201024947         
0.4778551058916492        -101354.8164476354        -29295.70429776902        -20598.46398581929        1.310775881381263         6.704145843745722         3.035243015526805         
0.4813273281142756        -100960.1070812013        -27284.04301979404        -19687.59504558625        1.320663242216541         6.706910492304538         3.037211659346297         
0.484799550336902         -100562.3924951758        -25271.56987645238        -18776.14019312111        1.330810644506687         6.709556387718997         3.039148266315896         
0.4882717725595285        -100161.5947538014        -23258.32221436195        -17864.10979858723        1.341217421295574         6.712072000220633         3.04104773811023          
0.4917439947821549        -99757.63626550042        -21244.34088933314        -16951.51579470121        1.351881932044827         6.71444547354049          3.042904758793955         
0.4952162170047814        -99350.44008650733        -19229.67035613455        -16038.37173931984        1.362801485992043         6.71666468102613          3.044713813507923         
0.4986884392274078        -98939.93024704966        -17214.35874001162        -15124.69287176877        1.373972268727466         6.718717291210152         3.046469211539704         
0.5021606614500342        -98526.03209887144        -15198.45788709791        -14210.4961615688         1.385389273616802         6.720590842963026         3.048165113961455         
0.5056328836690227        -98108.67268238415        -13182.02339084906        -13295.80034817149        1.397046239828998         6.722272830157966         3.049795565938429         
0.5091051058916492        -97687.78111118777        -11165.11459168604        -12380.6259702995         1.408935598826997         6.723750795538291         3.051354533715144         
0.5125773281142756        -97263.28897113557        -9147.794547166241        -11464.99538350106        1.4210484312369           6.725012433211339         3.05283594617403          
0.516049550336902         -96835.13073054119        -7130.129970216844        -10548.93276457819        1.433374436016893         6.726045698903312         3.054233740735022         
0.5195217725595285        -96403.24415755532        -5112.191133270076        -9632.464101638312        1.445901913792554         6.72683892680429          3.055541913226759         
0.5229939947821549        -95967.57074019687        -3094.051736537728        -8715.61716865125         1.458617766102147         6.727380951522079         3.056754571214698         
0.5264662170047814        -95528.05610402765        -1075.788739152653        -7798.421483570219        1.471507512098611         6.72766123336004          3.057865990123454         
0.5299384392274078        -95084.6504220348         942.5178475165365         -6880.908249296211        1.484555323981542         6.727669984851374         3.058870671345941         
0.5334106614500342        -94637.30881095339        2960.785204412955         -5963.110277027772        1.497744082083581         6.727398296235667         3.059763401397207         
0.5368828836690227        -94185.99170804644        4978.927986511523         -5045.061891839129        1.511055450116272         6.726838257368471         3.060539311053218         
0.5403551058916492        -93730.66522227746        6996.85864024813          -4126.798820662099        1.524469970600376         6.725983073425818         3.061193933321693         
0.5438273281142756        -93271.30145388219        9014.487754393402         -3208.358063203327        1.537967179978935         6.724827171716473         3.061723259030132         
0.547299550336902         -92807.87877657898        11031.72444130424         -2289.777746697475        1.55152574235637          6.72336629695545          3.062123788791458         
0.5507717725595285        -92340.38207705898        13048.47674471046         -1371.096965767472        1.565123600245556         6.721597592489618         3.062392580124727         
0.5542439947821549        -91868.80294696461        15064.65206947403         -452.3556090215387        1.578738140161419         6.719519665201983         3.062527288569898         
0.5577162170047814        -91393.13982328979        17080.15762812369         466.405825649828          1.592346370399589         6.717132632151952         3.062526201742065         
0.5611884392274078        -90913.39807400106        19094.90089844558         1385.146424818714         1.60592510790697          6.714438147425732         3.062388265419913         
0.5646606614500342        -90429.59002665905        21108.79008602417         2303.825059804021         1.619451170810389         6.71143940815959          3.062113100950906         
0.5681328836690227        -89941.73493888933        23121.7345853971          3222.400590809544         1.632901572938657         6.708141139239969         3.061701013474994         
0.5716051058916492        -89449.85891066845        25133.64543342377         4140.832072116747         1.646253716565909         6.70454955675586          3.061152990710456         
0.5750773281142756        -88953.99473952386        27144.43574857683         5059.078955494118         1.65948557962705          6.70067231085519          3.060470692299624         
0.578549550336902         -88454.18172085084        29154.02115014545         5977.101289022689         1.67257589380971          6.69651840921268          3.059656429967244         
0.5820217725595285        -87950.46539658951        31162.32015177959         6894.859908650229         1.685504310204184         6.692098122827062         3.058713138988955         
0.5854939947821549        -87442.89725644517        33169.25452438797         7812.316619970057         1.698251549579833         6.687422876308523         3.05764434169096          
0.5889662170047814        -86931.53439664494        35174.749624107           8729.434367966602         1.710799534834082         6.682505125175004         3.056454103895215         
0.5924384392274078        -86416.43914188004        37178.73468185468         9646.177392768428         1.723131503704841         6.67735822293536          3.055146985379798         
0.5959106614500342        -85897.67863656725        39181.14305184296         10562.5113697884          1.735232100422938         6.671996280891604         3.053727985536567         
0.5993828836690227        -85375.3244118719         41181.91241731136         11478.40353299634         1.747087445581002         6.666434023639972         3.052202485475009         
0.6028551058916492        -84849.45193506162        43180.98495263283         12393.82278044863         1.758685184083252         6.660686643195999         3.050576187842435         
0.6063273281142756        -84320.14014771754        45178.30744180034         13308.73976157798         1.770014511593343         6.654769654521516         3.048855055608557         
0.609799550336902         -83787.47099912755        47173.83135410438         14223.12694611253         1.781066180395139         6.648698755004644         3.047045251001415         
0.6132717725595285        -83251.52898084647        49167.51287853377         15136.95867483657         1.791832486008649         6.642489690153789         3.045153075687358         
0.6167439947821549        -82712.40066795072        51159.31291906215         16050.21119271491         1.802307236250302         6.636158127430818         3.043184913167449         
0.6202162170047814        -82170.1742719669         53149.19705350493         16962.8626651748          1.812485704688001         6.629719539784974         3.041147174223454         
0.6236884392274078        -81624.93920984057        55137.13545904477         17874.89317856619         1.822364570616345         6.623189100074907         3.039046246096254         
0.6271606614500342        -81076.78569265771        57123.10280782353         18786.2847260035          1.831941847769838         6.616581587196961         3.036888445924942         
0.6306328836690227        -80525.80433716193        59107.07813619136         19697.02117992696         1.841216804008509         6.609911304386757         3.034679978822414         
0.6341051058916492        -79972.08580244589        61089.04469129399         20607.08825281269         1.850189874160624         6.603192009838795         3.032426900818427         
0.6375773281142756        -79415.72045355474        63068.98975867918         21516.47344750968         1.858862568102012         6.59643685950298          3.030135086767824         
0.641049550336902         -78856.79805313677        65046.90447452335         22425.16599869265         1.867237376002512         6.589658361672551         3.027810203203247         
0.6445217725595285        -78295.40748172415        67022.78362593208         23333.15680689834         1.875317672488969         6.582868342777303         3.025457686009959         
0.6479939947821549        -77731.6364867309         68996.62544256805         24240.4383665626          1.883107621272055         6.576077923639366         3.023082722716291         
0.6514662170047814        -77165.57145982399        70968.4313826194          25147.00468940357         1.890612081571013         6.569297505334414         3.020690239126856         
0.6549384392274078        -76597.29724195473        72938.20591585094         26052.85122440641         1.897836517455035         6.562536763725968         3.018284889976165         
0.6584106614500342        -76026.89695503432        74905.95630619559         26957.97477556302         1.904786911009475         6.555804651700241         3.015871053246591         
0.6618828836690227        -75454.45185899467        76871.69239604849         27862.37341840994         1.911469680035301         6.549109408119143         3.013452827774958         
0.6653551058916492        -74880.04123279193        78835.42639413326         28766.04641629364         1.917891600805259         6.542458572524637         3.011034033764667         
0.6688273281142756        -74303.74227777821        80797.1726685256          29668.99413717767         1.924059736233054         6.53585900466349          3.008618215823182         
0.672299550336902         -73725.63004178261        82756.94754614652         30571.21797169356         1.929981369664084         6.529316907953178         3.006208648155943         
0.6757717725595285        -73145.77736220053        84714.76911978373         31472.72025302915         1.935663944368558         6.522837856072634         3.003808341565592         
0.6792439947821549        -72564.25482638172        86670.65706346479         32373.50417914613         1.941115008710009         6.516426821931963         3.0014200519279           
0.6827162170047814        -71981.13074763           88624.6324567933          33273.57373772372         1.946342166873464         6.510088208349846         2.999046289841684         
0.6861884392274078        -71396.47115517323        90576.71761866873         34172.93363413863         1.951353034966597         6.503825879843271         2.996689331177758         
0.6896606614500342        -70810.33979652643        92526.93595064443         35071.58922271345         1.956155202252456         6.49764319500926          2.99435122828063          
0.6931328836690227        -70222.79815075026        94475.31179003196         35969.54644139591         1.960756197232142         6.491543039050715         2.992033821605288         
0.6966051058916492        -69633.90545119565        96421.87027273656         36866.81174997034         1.965163458268191         6.485527856066921         2.989738751599228         
0.7000773281142756        -69043.71871642083        98366.63720570416         37763.39207184983         1.969384308422678         6.479599680792926         2.987467470666504         
0.703549550336902         -68452.29278806648        100309.6389487747         38659.29473945231         1.973425934176353         6.47376016953021          2.985221255075437         
0.7070217725595285        -67859.68037457463        102250.9023056673         39554.52744312575         1.977295367694959         6.468010630063634         2.983001216694635         
0.7104939947821549        -67265.93209973691        104190.4544237676         40449.09818355651         1.98099947231461          6.462352050406433         2.980808314462889         
0.7139662170047814        -66671.09655515399        106128.3227023487         41343.01522756885         1.98454493092857          6.456785126256155         2.978643365517315         
0.7174384392274078        -66075.22035578215        108064.5347088234         42236.28706720426         1.987938236971715         6.451310287080155         2.976507055920826         
0.7209106614500342        -65478.34819783077        109999.1181026116         43128.92238195313         1.991185687715399         6.445927720779894         2.974399950944686         
0.7243828836690227        -64880.52291835884        111932.100566189          44020.93000400038         1.994293379603562         6.440637396909211         2.972322504874608         
0.7278551058916492        -64281.78555599591        113863.5097428846         44912.31888633879         1.997267205379996         6.435439088443346         2.970275070319842         
0.7313273281142756        -63682.17541228516        115793.3731809925         45803.09807359891         2.000112852776184         6.430332392113269         2.968257907013901         
0.734799550336902         -63081.73011321292        117721.718283773          46693.2766754425          2.00283580454852          6.425316747334209         2.966271190103407         
0.7382717725595285        -62480.48567054853        119648.5722649255         47582.86384236602         2.005441339672768         6.420391453768601         2.964315017927899         
0.7417439947821549        -61878.4765426745         121573.9621091323         48471.8687437628          2.007934535521946         6.415555687572332         2.962389419298689         
0.7452162170047814        -61275.73569463544        123497.9145372846         49360.30054809509         2.010320270871291         6.410808516379659         2.960494360288998         
0.7486884392274078        -60672.29465717907        125420.4559760233         50248.16840503172         2.012603229590469         6.40614891308664          2.958629750550866         
0.7521606614500342        -60068.18358460232        127341.6125312415         51135.48142941228         2.014787904898541         6.401575768495849         2.956795449176732         
0.7556328836690227        -59463.43131125042        129261.4099652185         52022.24868690362         2.016878604071506         6.397087902886685         2.954991270125418         
0.7591051058916492        -58858.06540654811        131179.8736770709         52908.47918122165         2.018879453505367         6.392684076576013         2.953216987233391         
0.7625773281142756        -58252.11222846939        133097.0286862293         53794.18184279686         2.020794404049662         6.388362999533467         2.951472338832948         
0.766049550336902         -57645.5969753761         135012.8996186654         54679.36551876915         2.022627236537351         6.384123340114499         2.949757031999262         
0.7695217725595285        -57038.54373617609        136927.510695614          55564.03896420385         2.024381567446834         6.379963732972634         2.948070746448241         
0.7729939947821549        -56430.97553877008        138840.8857245536         56448.21083442736         2.02606085464074          6.375882786210123         2.946413138106903         
0.7764662170047814        -55822.9143967714         140753.0480922251         57331.88967838758         2.027668403134162         6.371879087823838         2.944783842377491         
0.7799384392274078        -55214.38135449591        142664.0207594844         58215.08393294999         2.029207370852071         6.367951211500496         2.943182477115923         
0.7834106614500342        -54605.39653023054        144573.8262578037         59097.80191804727         2.030680774341986         6.364097721812534         2.94160864534446          
0.7868828836690227        -53995.97915779858        146482.4866872467         59980.05183260482         2.03209149441359          6.360317178863055         2.940061937717584         
0.7903551058916492        -53386.14762644686        148390.0237157614         60861.84175117161         2.03344228168187          6.356608142425355         2.938541934759241         
0.7938273281142756        -52775.91951908683        150296.4585796431         61743.17962118997         2.03473576199473          6.352969175619694         2.937048208888642         
0.797299550336902         -52165.31164892681        152201.8120850369         62624.07326084343         2.035974441729772         6.349398848167097         2.935580326250887         
0.8007717725595285        -51554.3400945363         154106.1046103575         63504.53035742637         2.037160712948259         6.345895739257272         2.934137848367701         
0.8042439947821549        -50943.02023338665        156009.3561095156         64384.55846618382         2.038296858397122         6.342458440065074         2.932720333622673         
0.8077162170047814        -50331.36677391483        157911.5861158502         65264.16500957363         2.039385056352324         6.339085555947376         2.931327338594429         
0.8111884392274078        -49719.39378615859        159812.8137466768         66143.35727690732         2.040427385299032         6.335775708349864         2.929958419250297         
0.8146606614500342        -49107.11473101237        161713.0577083661         67022.14242432968         2.041425828445829         6.332527536450921         2.92861313201216          
0.8181328836690227        -48494.54248815408        163612.336301881          67900.52747510023         2.042382278071754         6.329339698567647         2.92729103470537          
0.8216051058916492        -47881.68938269275        165510.6674287018         68778.51932014311         2.043298539706232         6.326210873347065         2.92599168740079          
0.8250773281142756        -47268.56721058723        167408.0685970791         69656.12471883481         2.044176336143059         6.32313976076358          2.924714653159317         
0.828549550336902         -46655.18726288529        169304.5569285601         70533.35030000156         2.045017311290478         6.320125082942123         2.923459498687508         
0.8320217725595285        -46041.56034883191        171200.1491647369         71410.20256310121         2.045823033860146         6.317165584824632         2.922225794912287         
0.8354939947821549        -45427.69681789478        173094.8616741745         72286.68787956623         2.046595000898368         6.314260034696091         2.921013117482064         
0.8389662170047814        -44813.60658075339        174988.7104594762         73162.81249428692         2.047334641163459         6.311407224584911         2.919821047201045         
0.8424384392274078        -44199.29912929767        176881.7111644525         74038.58252721562         2.048043318353462         6.30860597055108          2.918649170402947         
0.8459106614500342        -43584.78355568006        178773.8790813615         74914.00397507477         2.048722334188729         6.305855112874389         2.91749707926982          
0.8493828836690227        -42970.06857046405        180665.2291581917         75789.08271315281         2.049372931354079         6.303153516153841         2.916364372101242         
0.8528551058916492        -42355.16251991056        182555.7760059623         76663.82449717433         2.049996296305373         6.300500069328406         2.915250653538667         
0.8563273281142756        -41740.07340244199        184445.5339060205         77538.23496523107         2.050593561945453         6.297893685628281         2.914155534749332         
0.859799550336902         -41124.80888432254        186334.5168173129         78412.31963976266         2.051165810174377         6.295333302464994         2.913078633573766         
0.8632717725595285        -40509.37631459164        188222.7383836168         79286.08392957666         2.051714074318941         6.292817881267891         2.912019574640553         
0.8667439947821549        -39893.78273928606        190110.2119407154         80159.53313189835         2.052239341446378         6.290346407273809         2.910977989451731         
0.8702162170047814        -39278.03491498464        191996.9505235032         81032.67243444237         2.052742554567109         6.287917889276098         2.909953516441876         
0.8736884392274078        -38662.13932170827        193882.9668730106         81905.50691749834         2.053224614731288         6.285531359338541         2.908945801013682         
0.8771606614500342        -38046.10217520618        195768.2734433388         82778.04155602399         2.053686383023833         6.283185872479171         2.907954495552573         
0.8806328836690227        -37429.92943865852        197652.8824084948         83650.2812217398          2.054128682462445         6.280880506328482         2.906979259422669         
0.8841051058916492        -36813.6268338234         199536.8056691217         84522.23068521988         2.054552299803066         6.278614360766087         2.906019758946211         
0.8875773281142756        -36197.19985165569        201420.0548591164         85393.8946179745          2.054957987257017         6.276386557539438         2.905075667368365         
0.891049550336902         -35580.65376242339        203302.6413521307         86265.27759452006         2.055346464123966         6.274196239867859         2.904146664809144         
0.8945217725595285        -34963.99362534634        205184.5762679521         87136.38409443288         2.055718418344699         6.272042572034811         2.903232438204016         
0.8979939947821549        -34347.22429778046        207065.870478761          88007.21850438378         2.056074507977528         6.269924738970965         2.902332681234646         
0.9014662170047814        -33730.35044397019        208946.5346152611         88877.78512015032         2.056415362602024         6.267841945830411         2.901447094251044         
0.9049384392274078        -33113.37654339031        210826.579072682          89748.08814860467         2.056741584653604         6.265793417562047         2.900575384186308         
0.9084106614500342        -32496.30689869712        212706.0140166536         90618.13170967513         2.057053750692356         6.263778398477975         2.89971726446502          
0.9118828836690227        -31879.14564330869        214584.8493889498         91487.91983827898         2.057352412609348         6.261796151820535         2.898872454906225         
0.9153551058916492        -31261.89674863203        216463.0949131023         92357.45648622571         2.057638098773508         6.259845959329367         2.898040681621901         
0.9188273281142756        -30644.56403095483        218340.7600998857         93226.74552408926         2.057911315122047         6.257927120809789         2.89722167691164          
0.922299550336902         -30027.15115801812        220217.8542526721         94095.79074304809         2.058172546197226         6.256038953703564         2.896415179154282         
0.9257717725595285        -29409.66165528563        222094.3864726585         94964.59585669232         2.058422256132184         6.254180792663032         2.895620932697106         
0.9292439947821549        -28792.09891192477        223970.3656639661         95833.16450279753         2.058660889588354         6.252351989129426         2.89483868774314          
0.9327162170047814        -28174.46618651328        225845.800538615          96701.50024506424         2.058888872646948         6.250551910916117         2.894068200237104         
0.9361884392274078        -27556.76661248507        227720.6996213734         97569.60657482334         2.059106613656795         6.248779941797364         2.89330923175042          
0.9396606614500342        -26939.00320332795        229595.0712544853         98437.48691270671         2.059314504040766         6.247035481103133         2.892561549365703         
0.9431328836690227        -26321.17885754538        231468.9236022772         99305.14461028318         2.059512919062872         6.245317943320422         2.89182492556107          
0.9466051058916492        -25703.29636339382        233342.264655646          100172.58295166           2.059702218558033         6.243626757701449         2.891099138094615         
0.9500773281142756        -25085.35840340635        235215.1022364311         101039.8051550492         2.059882747626403         6.241961367879032         2.89038396988928          
0.953549550336902         -24467.36755871324        237087.4440016713         101906.8143743005         2.060054837294076         6.240321231489377         2.889679208918427         
0.9570217725595285        -23849.32631316908        238959.2974477508         102773.6137003986         2.060218805141839         6.238705819802504         2.888984648092275         
0.9604939947821549        -23231.23705729582        240830.6699144343         103640.2061629281         2.060374955903638         6.237114617360428         2.888300085145422         
0.9639662170047814        -22613.10209205071        242701.5685887957         104506.5947315033         2.06052358203625          6.235547121623235         2.887625322525607         
0.9674384392274078        -21994.92363242741        244572.0005090411         105372.7823171663         2.060664964261656         6.234002842623078         2.886960167283855         
0.9709106614500342        -21376.70381089833        246441.9725682301         106238.7717737514         2.060799372083477         6.232481302626181         2.886304430966127         
0.9743828836690227        -20758.44468070579        248311.4915178956         107104.5658992175         2.060927064278789         6.230982035802821         2.88565792950658          
0.9778551058916492        -20140.14821900911        250180.5639715668         107970.1674369489         2.061048289366562         6.229504587905289         2.88502048312253          
0.9813273281142756        -19521.81632989461        252049.1964081968         108835.5790770247         2.061163286053908         6.228048515953796         2.88439191621118          
0.984799550336902         -18903.45084725484        253917.3951754963         109700.8034574572         2.061272283661241         6.226613387930247         2.883772057248187         
0.9882717725595285        -18285.05353754334        255785.1664931776         110565.843165401          2.061375502527423         6.225198782479835         2.88316073868811          
0.9917439947821549        -17666.62610241073        257652.5164561097         111430.7007383313         2.061473154395893         6.223804288620337         2.882557796866768         
0.9952162170047814        -17048.17018122771        259519.4510373869         112295.3786651947         2.061565442782738         6.222429505459038         2.88196307190556          
0.9986884392274078        -16429.68735350016        261385.9760913152         113159.87938753           2.061652563327598         6.221074041917157         2.881376407617752         
1                         -16196.06145663079        262090.9122991212         113486.3812020209         2.061684165658536         6.220566991414502         2.881156873049724         
qwd.ElapsedDays           qwd.X                     qwd.Y                     qwd.Z                     qwd.VX                    qwd.VY                    qwd.VZ                    
1                         -16196.06145663079        262090.9122991212         113486.3812020209         2.061684165658536         6.220566991414502         2.881156873049724         
